138 138
0 0
137 137
273
0 137 0 136
0 136 1 136
1 136 1 135
1 135 2 135
2 135 2 134
2 134 3 134
3 134 3 133
3 133 4 133
4 133 4 132
4 132 5 132
5 132 5 131
5 131 6 131
6 131 6 130
6 130 7 130
7 130 7 129
7 129 8 129
8 129 8 128
8 128 9 128
9 128 9 127
9 127 10 127
10 127 10 126
10 126 11 126
11 126 11 125
11 125 12 125
12 125 12 124
12 124 13 124
13 124 13 123
13 123 14 123
14 123 14 122
14 122 15 122
15 122 15 121
15 121 16 121
16 121 16 120
16 120 17 120
17 120 17 119
17 119 18 119
18 119 18 118
18 118 19 118
19 118 19 117
19 117 20 117
20 117 20 116
20 116 21 116
21 116 21 115
21 115 22 115
22 115 22 114
22 114 23 114
23 114 23 113
23 113 24 113
24 113 24 112
24 112 25 112
25 112 25 111
25 111 26 111
26 111 26 110
26 110 27 110
27 110 27 109
27 109 28 109
28 109 28 108
28 108 29 108
29 108 29 107
29 107 30 107
30 107 30 106
30 106 31 106
31 106 31 105
31 105 32 105
32 105 32 104
32 104 33 104
33 104 33 103
33 103 34 103
34 103 34 102
34 102 35 102
35 102 35 101
35 101 36 101
36 101 36 100
36 100 37 100
37 100 37 99
37 99 38 99
38 99 38 98
38 98 39 98
39 98 39 97
39 97 40 97
40 97 40 96
40 96 41 96
41 96 41 95
41 95 42 95
42 95 42 94
42 94 43 94
43 94 43 93
43 93 44 93
44 93 44 92
44 92 45 92
45 92 45 91
45 91 46 91
46 91 46 90
46 90 47 90
47 90 47 89
47 89 48 89
48 89 48 88
48 88 49 88
49 88 49 87
49 87 50 87
50 87 50 86
50 86 51 86
51 86 51 85
51 85 52 85
52 85 52 84
52 84 53 84
53 84 53 83
53 83 54 83
54 83 54 82
54 82 55 82
55 82 55 81
55 81 56 81
56 81 56 80
56 80 57 80
57 80 57 79
57 79 58 79
58 79 58 78
58 78 59 78
59 78 59 77
59 77 60 77
60 77 60 76
60 76 61 76
61 76 61 75
61 75 62 75
62 75 62 74
62 74 63 74
63 74 63 73
63 73 64 73
64 73 64 72
64 72 65 72
65 72 65 71
65 71 66 71
66 71 66 70
66 70 67 70
67 70 67 69
67 69 68 69
68 69 68 68
68 68 69 68
69 68 69 67
69 67 70 67
70 67 70 66
70 66 71 66
71 66 71 65
71 65 72 65
72 65 72 64
72 64 73 64
73 64 73 63
73 63 74 63
74 63 74 62
74 62 75 62
75 62 75 61
76 61 76 60
76 60 77 60
77 60 77 59
77 59 78 59
78 59 78 58
78 58 79 58
79 58 79 57
79 57 80 57
80 57 80 56
80 56 81 56
81 56 81 55
81 55 82 55
82 55 82 54
82 54 83 54
83 54 83 53
83 53 84 53
84 53 84 52
84 52 85 52
85 52 85 51
85 51 86 51
86 51 86 50
86 50 87 50
87 50 87 49
87 49 88 49
88 49 88 48
88 48 89 48
89 48 89 47
89 47 90 47
90 47 90 46
90 46 91 46
91 46 91 45
91 45 92 45
92 45 92 44
92 44 93 44
93 44 93 43
93 43 94 43
94 43 94 42
94 42 95 42
95 42 95 41
95 41 96 41
96 41 96 40
96 40 97 40
97 40 97 39
97 39 98 39
98 39 98 38
98 38 99 38
99 38 99 37
99 37 100 37
100 37 100 36
100 36 101 36
101 36 101 35
101 35 102 35
102 35 102 34
102 34 103 34
103 34 103 33
103 33 104 33
104 33 104 32
104 32 105 32
105 32 105 31
105 31 106 31
106 31 106 30
106 30 107 30
107 30 107 29
107 29 108 29
108 29 108 28
108 28 109 28
109 28 109 27
109 27 110 27
110 27 110 26
110 26 111 26
111 26 111 25
111 25 112 25
112 25 112 24
112 24 113 24
113 24 113 23
113 23 114 23
114 23 114 22
114 22 115 22
115 22 115 21
115 21 116 21
116 21 116 20
116 20 117 20
117 20 117 19
117 19 118 19
118 19 118 18
118 18 119 18
119 18 119 17
119 17 120 17
120 17 120 16
120 16 121 16
121 16 121 15
121 15 122 15
122 15 122 14
122 14 123 14
123 14 123 13
123 13 124 13
124 13 124 12
124 12 125 12
125 12 125 11
125 11 126 11
126 11 126 10
126 10 127 10
127 10 127 9
127 9 128 9
128 9 128 8
128 8 129 8
129 8 129 7
129 7 130 7
130 7 130 6
130 6 131 6
131 6 131 5
131 5 132 5
132 5 132 4
132 4 133 4
133 4 133 3
133 3 134 3
134 3 134 2
134 2 135 2
135 2 135 1
135 1 136 1
136 1 136 0
136 0 137 0
