600 100
1 72
2 72
3 80
4 51
5 32
6 42
7 10
8 12
9 62
10 59
11 83
12 28
13 31
14 71
15 66
16 18
17 95
18 44
19 9
20 72
21 62
22 11
23 66
24 54
25 49
26 53
27 24
28 38
29 87
30 9
31 81
32 77
33 54
34 48
35 92
36 91
37 86
38 85
39 44
40 95
41 46
42 98
43 18
44 27
45 25
46 81
47 85
48 33
49 2
50 55
51 15
52 32
53 8
54 6
55 97
56 54
57 51
58 31
59 18
60 21
61 9
62 1
63 30
64 42
65 81
66 88
67 15
68 10
69 85
70 3
71 19
72 36
73 10
74 34
75 17
76 60
77 71
78 14
79 41
80 22
81 46
82 17
83 58
84 74
85 55
86 84
87 8
88 81
89 36
90 35
91 23
92 42
93 33
94 92
95 84
96 97
97 77
98 48
99 8
100 53
101 49
102 37
103 41
104 11
105 31
106 96
107 20
108 62
109 15
110 33
111 36
112 41
113 2
114 24
115 91
116 1
117 11
118 15
119 36
120 60
121 4
122 10
123 43
124 63
125 65
126 46
127 52
128 20
129 12
130 10
131 67
132 34
133 19
134 35
135 26
136 36
137 85
138 91
139 46
140 76
141 71
142 54
143 33
144 36
145 83
146 94
147 0
148 80
149 2
150 70
151 25
152 51
153 52
154 75
155 68
156 63
157 81
158 78
159 98
160 74
161 97
162 79
163 21
164 25
165 58
166 43
167 97
168 70
169 41
170 5
171 3
172 63
173 26
174 42
175 50
176 42
177 54
178 75
179 3
180 46
181 75
182 22
183 29
184 55
185 72
186 28
187 67
188 34
189 29
190 56
191 47
192 16
193 94
194 93
195 28
196 65
197 48
198 12
199 88
200 8
201 63
202 93
203 74
204 96
205 34
206 17
207 66
208 83
209 20
210 40
211 53
212 91
213 98
214 46
215 8
216 13
217 51
218 41
219 95
220 79
221 22
222 98
223 78
224 87
225 9
226 12
227 82
228 60
229 92
230 88
231 38
232 83
233 11
234 95
235 33
236 63
237 24
238 47
239 15
240 72
241 34
242 87
243 34
244 78
245 59
246 19
247 29
248 3
249 72
250 64
251 88
252 22
253 48
254 74
255 33
256 23
257 87
258 23
259 10
260 74
261 12
262 28
263 92
264 69
265 40
266 24
267 31
268 67
269 91
270 53
271 89
272 11
273 93
274 43
275 62
276 31
277 65
278 17
279 70
280 42
281 12
282 23
283 66
284 93
285 63
286 8
287 7
288 41
289 28
290 40
291 68
292 39
293 52
294 82
295 7
296 80
297 0
298 68
299 4
300 22
301 3
302 9
303 42
304 90
305 41
306 60
307 90
308 37
309 45
310 19
311 15
312 89
313 44
314 22
315 30
316 43
317 96
318 70
319 55
320 55
321 71
322 5
323 50
324 51
325 75
326 7
327 44
328 66
329 37
330 95
331 70
332 59
333 96
334 38
335 79
336 91
337 66
338 18
339 98
340 48
341 48
342 8
343 54
344 40
345 37
346 40
347 65
348 32
349 43
350 87
351 88
352 63
353 2
354 84
355 80
356 69
357 65
358 58
359 76
360 18
361 91
362 47
363 32
364 22
365 79
366 16
367 68
368 82
369 2
370 22
371 5
372 80
373 42
374 65
375 87
376 29
377 54
378 33
379 39
380 36
381 72
382 36
383 79
384 55
385 52
386 73
387 15
388 16
389 26
390 95
391 79
392 66
393 2
394 42
395 71
396 69
397 31
398 70
399 33
400 23
401 26
402 3
403 56
404 16
405 17
406 74
407 24
408 32
409 55
410 34
411 3
412 47
413 23
414 44
415 54
416 8
417 97
418 90
419 44
420 78
421 82
422 76
423 42
424 79
425 97
426 78
427 57
428 72
429 96
430 79
431 55
432 58
433 64
434 22
435 35
436 97
437 81
438 21
439 76
440 60
441 93
442 51
443 88
444 67
445 1
446 90
447 0
448 88
449 61
450 84
451 91
452 10
453 79
454 64
455 57
456 65
457 7
458 26
459 39
460 17
461 97
462 74
463 75
464 27
465 85
466 62
467 54
468 35
469 67
470 92
471 69
472 68
473 20
474 70
475 14
476 16
477 87
478 8
479 60
480 54
481 11
482 29
483 11
484 24
485 81
486 21
487 26
488 71
489 51
490 36
491 48
492 5
493 22
494 38
495 91
496 53
497 6
498 38
499 62
500 0
501 24
502 78
503 33
504 47
505 77
506 55
507 77
508 25
509 30
510 78
511 36
512 48
513 57
514 23
515 92
516 2
517 75
518 11
519 60
520 82
521 49
522 33
523 2
524 50
525 29
526 3
527 57
528 51
529 83
530 85
531 38
532 29
533 21
534 67
535 7
536 26
537 9
538 43
539 60
540 40
541 48
542 36
543 86
544 5
545 59
546 93
547 57
548 85
549 65
550 0
551 75
552 25
553 13
554 19
555 96
556 80
557 48
558 53
559 87
560 26
561 26
562 70
563 95
564 23
565 50
566 52
567 36
568 75
569 48
570 50
571 27
572 24
573 33
574 67
575 29
576 48
577 19
578 94
579 58
580 83
581 77
582 56
583 97
584 62
585 51
586 73
587 14
588 38
589 78
590 28
591 52
592 69
593 82
594 85
595 78
596 47
597 23
598 26
599 75
600 5
