5 5 10
0 0 0 0 0
0 2 0 3 0
0 0 1 0 0
0 2 0 0 0
0 0 0 0 0
1 1 5 5

1
s 1 0 0 0
1 x 0 x 0
0 0 x 0 0
0 x 0 0 0
0 0 0 0 0

2
s 0 1 0 0
0 x 0 x 0
1 0 x 0 0
0 x 0 0 0
0 0 0 0 0

3
s 0 0 1 0
0 x 1 x 0
0 1 x 0 0
1 x 0 0 0
0 0 0 0 0

4
s 0 0 0 1
0 x 0 x 0
0 0 x 0 0
0 x 0 0 0
1 0 0 0 0

5
s 0 0 0 0
0 x 0 x 1
0 0 x 0 0
0 x 0 0 0
0 1 0 0 0

6
s 0 0 0 0
0 x 0 x 0
0 0 x 0 1
0 x 0 0 0
0 0 1 0 0

7
s 0 0 0 0
0 x 0 x 0
0 0 x 1 0
0 x 1 0 1
0 0 0 1 0

8
s 0 0 0 0
0 x 0 x 0
0 0 x 0 0
0 x 0 4 0
0 0 0 0 2

9
s 0 0 0 0
0 x 0 x 0
0 0 x 0 0
0 x 0 0 0
0 0 0 0 0

10
s 0 0 0 0
0 x 0 x 0
0 0 x 0 0
0 x 0 0 0
0 0 0 0 0


5 5 10
0 0 0 0 0
0 2 0 3 0
0 0 1 5 0
0 2 2 4 0
0 0 0 0 0
1 1 5 5
