295 494 1 295
1 2 3
1 3 2
2 4 3
2 5 2
2 9 2
4 5 3
6 7 3
6 8 1
6 9 3
7 8 2
7 9 2
7 10 2
8 9 3
8 10 1
10 11 1
11 12 2
11 13 1
11 15 1
12 13 3
12 14 1
12 15 2
13 14 1
13 15 1
14 19 3
16 17 2
16 18 3
16 20 3
17 18 2
17 19 3
18 19 3
18 20 1
19 22 3
21 22 2
21 23 1
21 24 2
22 26 2
23 25 2
24 25 2
26 27 1
26 28 2
26 29 2
26 30 1
26 32 3
27 29 1
28 29 3
28 30 3
31 32 3
31 33 2
31 34 3
31 35 3
32 33 3
32 34 2
32 35 3
33 34 2
33 35 1
34 35 1
35 36 1
36 37 3
36 38 1
36 40 2
37 38 2
37 39 2
37 40 3
37 41 3
38 40 1
39 40 3
41 42 2
41 43 2
41 44 2
41 45 1
41 50 3
42 43 2
42 44 1
43 44 1
43 45 2
44 45 3
46 47 3
46 48 2
46 49 2
46 50 1
47 49 3
47 50 2
48 49 1
48 50 3
49 50 3
50 55 2
51 52 1
51 53 1
51 54 3
53 55 3
55 56 1
56 57 3
56 58 1
57 58 2
57 60 2
59 60 3
59 61 2
60 62 1
62 63 2
62 64 3
62 66 1
65 66 1
65 67 3
66 69 3
68 69 3
68 70 1
69 72 3
71 72 2
71 73 2
73 74 1
74 75 3
74 76 3
74 77 3
74 78 1
74 79 1
75 78 1
75 79 1
76 77 3
77 79 3
78 79 1
78 81 3
80 81 3
80 82 2
80 83 3
81 82 2
81 86 3
82 84 3
82 85 3
86 87 2
86 88 3
86 89 2
86 92 2
87 90 3
89 91 1
92 93 1
92 94 2
92 95 2
93 94 1
93 95 1
93 96 1
94 95 1
94 96 1
95 96 2
95 97 2
97 98 1
98 99 1
98 100 2
98 101 3
98 102 2
98 103 3
99 100 1
99 101 2
99 102 1
99 103 1
100 101 3
100 102 1
100 103 1
101 102 1
101 103 2
102 103 1
102 107 3
104 105 2
104 106 3
104 107 1
104 109 1
105 106 3
105 107 1
106 108 1
106 109 1
107 108 1
107 109 2
107 110 1
108 109 3
110 111 2
110 112 3
110 113 1
110 115 2
110 117 2
111 112 3
111 113 3
111 114 3
112 113 2
112 114 3
112 115 3
113 114 2
113 115 3
114 115 3
116 117 1
116 118 1
116 119 2
117 120 1
117 121 1
121 122 1
122 123 1
122 124 1
122 126 2
123 125 3
123 126 1
124 126 2
125 126 3
125 127 2
125 131 1
126 127 3
128 129 2
128 130 1
128 132 3
129 130 1
129 131 1
129 132 2
130 132 3
130 133 1
131 132 2
131 133 1
131 136 1
132 133 2
134 135 1
134 136 2
134 137 1
134 138 2
134 139 3
135 136 1
135 137 3
135 138 1
135 139 2
136 137 2
136 138 3
136 139 3
137 138 3
137 139 2
138 139 3
139 140 1
140 141 1
140 142 3
140 143 2
141 142 2
141 143 3
141 144 3
142 143 2
142 144 3
142 145 2
144 145 2
145 146 1
146 147 1
146 148 1
146 149 1
146 150 1
147 148 1
147 149 3
147 150 3
147 151 2
148 150 1
148 151 1
149 150 2
149 151 1
151 155 1
152 153 2
152 154 1
152 155 1
152 157 3
153 155 2
153 156 1
154 157 1
155 157 3
155 160 3
156 157 3
158 159 3
158 160 3
158 161 3
158 162 3
158 163 1
159 160 3
159 162 1
160 162 1
160 169 1
161 163 3
164 165 3
164 166 3
164 167 3
166 168 2
167 169 1
169 170 1
170 171 1
170 172 1
170 173 1
171 173 3
171 175 3
172 174 1
173 175 3
174 175 2
175 180 1
176 177 3
176 178 1
176 181 1
177 179 2
177 180 3
180 187 1
182 183 2
182 184 3
182 185 2
182 187 1
183 185 3
183 186 2
184 185 2
184 186 3
185 186 2
187 191 1
188 189 2
188 190 3
188 191 2
189 193 1
190 192 2
191 196 3
194 195 2
194 196 1
194 197 2
194 199 3
195 196 2
195 197 1
195 198 1
195 199 2
196 197 3
196 198 1
196 199 2
196 204 2
197 198 2
197 199 3
198 199 3
200 201 1
200 202 3
201 203 1
202 204 3
203 205 1
205 206 1
206 207 1
206 208 3
206 209 1
206 210 1
206 211 2
207 208 1
207 209 1
207 210 1
207 211 3
208 209 2
208 210 2
208 211 3
209 210 2
209 211 1
210 211 3
211 212 2
212 213 3
212 214 3
212 215 3
212 217 3
212 223 2
213 216 2
218 219 2
218 220 1
218 221 2
218 222 2
218 223 2
219 220 2
219 221 1
219 222 1
219 223 1
220 221 3
220 222 3
220 223 1
221 222 2
221 223 3
222 223 2
223 224 1
224 225 1
224 226 3
224 227 3
224 229 1
224 231 2
225 226 1
225 227 1
225 228 2
226 227 3
226 228 3
226 229 1
227 228 3
227 229 2
228 229 3
230 231 1
230 232 2
230 233 1
230 234 1
231 236 2
233 235 3
236 237 2
236 238 3
236 239 1
236 240 2
236 246 1
237 241 1
242 243 3
242 244 3
242 245 1
244 246 1
245 246 3
245 247 2
246 249 1
248 249 2
248 250 3
248 252 3
249 250 1
249 251 1
249 257 1
250 251 1
250 253 2
251 253 2
254 255 1
254 256 2
254 257 2
254 258 3
255 256 2
255 257 3
255 258 2
257 258 1
257 259 3
258 259 2
259 260 1
260 261 2
260 262 1
260 263 3
260 265 2
261 262 1
261 263 2
261 264 2
261 265 2
262 263 3
262 264 1
262 265 1
262 270 1
266 267 3
266 268 3
266 269 1
267 270 2
267 271 1
270 275 2
272 273 1
272 274 1
272 275 1
272 276 1
272 277 1
273 274 2
273 275 1
273 276 1
273 277 2
274 275 1
274 276 1
274 277 3
275 276 1
275 277 1
275 283 3
276 277 2
278 279 3
278 280 3
278 282 1
279 280 3
279 281 2
279 283 1
280 282 1
282 283 2
283 285 2
284 285 1
284 286 3
284 287 1
284 288 3
284 289 3
285 286 3
285 287 1
285 288 3
285 289 3
285 293 2
286 287 2
286 288 3
286 289 3
287 288 1
288 289 2
290 291 1
290 292 3
290 293 1
290 294 2
291 292 2
291 293 3
291 295 1
292 293 3
292 294 2
293 294 3
293 295 3
294 295 1
