114 169 1 114
1 2 1
1 3 2
2 3 1
3 4 3
4 5 2
4 6 3
5 6 1
6 7 1
7 8 2
7 9 2
7 10 3
7 12 1
8 10 3
8 11 3
9 10 3
9 11 1
10 11 2
11 13 2
13 14 3
13 15 2
13 16 2
13 17 3
13 22 1
14 16 2
15 18 2
19 20 1
19 21 2
19 22 1
21 23 3
21 24 1
22 27 1
25 26 3
25 27 1
25 28 1
25 30 2
27 29 1
27 36 3
31 32 1
31 33 2
32 34 3
33 35 2
33 36 3
36 38 1
37 38 1
37 39 3
37 40 1
37 41 3
37 42 1
38 40 3
38 41 1
38 42 2
39 41 2
39 42 3
40 41 1
40 42 1
41 42 3
42 43 1
43 44 1
43 45 3
43 46 2
43 47 2
43 48 1
44 45 3
44 46 3
44 47 2
44 48 3
45 46 3
45 47 2
45 48 1
46 47 3
46 48 1
46 52 2
47 48 3
49 50 3
49 51 2
49 52 3
50 53 3
51 54 1
52 58 3
53 54 3
55 56 1
55 57 1
55 58 2
55 60 2
56 59 2
58 61 3
61 62 3
61 63 2
61 71 2
62 64 2
62 65 1
62 66 1
63 65 2
64 65 3
65 66 3
67 68 2
67 69 3
67 71 2
67 72 2
68 70 2
68 72 3
69 71 3
70 71 3
70 72 2
72 73 1
73 74 1
73 75 2
73 76 1
74 75 3
75 76 3
76 77 1
77 78 2
77 79 2
77 80 1
77 82 3
81 82 1
81 83 3
81 84 3
82 83 1
82 84 2
83 84 1
84 85 1
85 86 1
85 87 2
85 88 2
85 89 3
86 87 1
86 88 1
86 89 1
87 89 3
88 89 1
88 93 1
90 91 1
90 92 2
91 93 1
92 94 1
93 94 2
93 95 3
95 96 3
95 97 1
95 99 3
95 102 1
96 97 3
96 98 2
96 99 2
97 98 1
97 99 3
98 99 3
100 101 2
100 102 1
100 103 1
100 104 3
102 107 1
105 106 2
105 107 2
105 108 2
106 107 2
106 108 2
107 108 3
107 109 1
107 113 2
110 111 2
110 112 3
110 114 1
111 112 3
111 113 1
112 113 2
112 114 3
113 114 3
