50 50 102
1 10 30 50
41 1
41 2
41 3
41 4
41 5
41 6
41 7
41 8
41 9
41 10
42 1
42 2
42 3
42 4
42 5
42 6
42 7
42 8
42 9
42 10
43 1
43 2
43 3
43 4
43 5
43 6
43 7
43 8
43 9
43 10
44 1
44 2
44 3
44 4
44 5
44 6
44 7
44 8
44 9
44 10
45 1
45 2
45 3
45 4
45 5
45 6
45 7
45 8
45 9
45 10
46 1
46 2
46 3
46 4
46 5
46 6
46 7
46 8
46 9
46 10
47 1
47 2
47 3
47 4
47 5
47 6
47 7
47 8
47 9
47 10
48 1
48 2
48 3
48 4
48 5
48 6
48 7
48 8
48 9
48 10
49 1
49 2
49 3
49 4
49 5
49 6
49 7
49 8
49 9
49 10
50 1
50 2
50 3
50 4
50 5
50 6
50 7
50 8
50 9
50 10
19 20
20 20
